312.16
(1340716991119)/16	83794811944	15	0
(83794811944)/16	5237175746	8	1
(5237175746)/16		327323484	2	2
(327323484)/16		20457717	12	3
(20457717)/16		1278607		5	4
(1278607)/16		79912		15	5
(79912)/16		4994		8	6
(4994)/16		312		2	7
(312)/16		19		8	8
(19)/16			1		3	9
(1)/16			0		1	10
138.28F5C28F

256.66
(1102346306191)/16	68896644136	15	0
(68896644136)/16	4306040258	8	1
(4306040258)/16		269127516	2	2
(269127516)/16		16820469	12	3
(16820469)/16		1051279		5	4
(1051279)/16		65704		15	5
(65704)/16		4106		8	6
(4106)/16		256		10	7
(256)/16		16		0	8
(16)/16			1		0	9
(1)/16			0		1	10
100.A8F5C28F

123.456
(530239482495)/16	33139967655	15	0
(33139967655)/16	2071247978	7	1
(2071247978)/16		129452998	10	2
(129452998)/16		8090812		6	3
(8090812)/16		505675		12	4
(505675)/16		31604		11	5
(31604)/16		1975		4	6
(1975)/16		123		7	7
(123)/16		7		11	8
(7)/16			0		7	9
7B.74BC6A7E

317.03125
(81160)/16	5072	8	0
(5072)/16	317	0	1
(317)/16	19	13	2
(19)/16		1	3	3
(1)/16		0	1	4
13D.08
